Utilisation: 0.7192738058431539
Utilisation: 0.7196404294165629
Utilisation: 0.7194828186597781
