Utilisation: 0.7197987243050248
Utilisation: 0.7201986826590804
Utilisation: 0.7200249319944115
