Utilisation: 0.7201528341778156
Utilisation: 0.7205289672566113
Utilisation: 0.7203614424147275
Utilisation: 0.7187818473036368
