Utilisation: 0.7197322288951485
Utilisation: 0.7200867041719711
Utilisation: 0.7200332773178554
