Utilisation: 0.7194841941111815
Utilisation: 0.7197445456038685
Utilisation: 0.7194226988660868
